!;4;14
";4;14
#;6;14
$;5;14
%;7;14
&;6;14
';3;14
(;5;14
);4;14
º;5;14
+;5;14
,;4;14
-;4;14
.;3;14
/;5;14
:;3;14
;:3:14
<;5;14
>;5;14
=;5;14
?;3;14
[;4;14
];4;14
\;5;14
_;5;14
~;5;14
©;7;14

 ;4;14
a;6;14
b;6;14
c;5;14
d;6;14
e;5;14
f;4;11.5
g;6;14
h;6;14
i;2.5;14
j;3;14
k;6;14
l;3.5;14
m;9;14
n;6;14
o;6;14
p;6;14
q;6;14
r;4;14
s;5;14
t;4;14
u;6;14
v;5;14
w;8;14
x;5;14
y;5;14
z;5;14
A;7;14
B;7;14
C;6;14
D;7;14
E;6;14
F;6;14
G;7;14
H;7;14
I;4;14
J;4;14
K;7;14
L;6;14
M;8;14
N;7;14
O;7;14
P;6;14
Q;7;14
R;7;14
S;6;14
T;6;14
U;7;14
V;7;14
W;9;14
X;6;14
Y;6;14
Z;6;14
0;6;14
1;5;14
2;5;14
3;5;14
4;5;14
5;5;14
6;5;14
7;5;14
8;5;14
9;5;14